start=744.410000
pause=no
volume=2.000000
